9 11 6 
9 1 4 
9 1 5 
9 8 10 
9 1 5 
3 11 9 
9 5 9 
9 1 1 
9 1 5 
10 11 5 
2 5 2 
11 9 8 
11 10 7 
11 10 1 
9 5 4 
9 1 8 
9 1 5 
9 4 1 
9 1 4 
9 1 5 
10 11 5 
9 5 1 
10 5 6 
10 9 2 
2 7 4 
11 10 4 
10 9 2 
3 4 1 
3 6 11 
3 6 1 
3 2 4 
3 7 11 
8 8 7 
9 7 7 
9 1 1 
9 1 5 
11 7 10 
11 10 7 
11 10 1 
10 11 2 
4 1 6 
9 4 5 
9 1 8 
9 1 5 
9 6 11 
9 1 4 
9 1 5 
9 7 7 
9 1 1 
9 1 5 
11 11 6 
11 10 7 
11 10 1 
9 7 2 
9 1 8 
9 1 5 
9 11 3 
9 1 1 
9 1 5 
7 7 6 
7 2 11 
7 2 1 
7 6 7 
7 2 11 
7 2 1 
11 6 8 
11 10 4 
11 10 1 
9 7 11 
9 1 5 
9 7 4 
7 9 4 
7 2 11 
7 2 1 
9 2 11 
10 11 10 
11 10 4 
2 9 10 
3 8 5 
3 6 7 
3 6 1 
9 11 7 
9 1 5 
10 11 5 
2 7 11 
2 7 1 
9 6 2 
9 1 7 
9 1 5 
10 11 9 
11 9 1 
9 7 11 
9 1 5 
6 8 9 
9 5 9 
9 1 1 
9 1 5 
9 1 8 
5 4 1 
7 9 4 
7 2 11 
7 2 1 
9 2 3 
9 1 4 
9 1 5 
9 8 6 
9 1 1 
9 1 5 
3 7 11 
10 9 2 
9 4 4 
9 1 7 
9 1 5 
9 9 11 
9 1 7 
9 1 5 
9 1 8 
11 10 1 
11 6 8 
11 10 4 
11 10 1 
9 9 8 
9 1 4 
9 1 5 
9 7 10 
9 1 4 
9 1 5 
9 6 4 
9 1 9 
9 1 5 
9 11 2 
9 10 3 
9 10 8 
9 8 9 
9 1 4 
9 1 5 
7 4 9 
7 2 11 
7 2 1 
3 1 5 
3 7 11 
4 10 4 
9 5 4 
9 1 8 
9 1 5 
3 8 10 
3 7 11 
1 4 3 
7 10 3 
7 2 11 
7 2 1 
9 4 4 
9 1 7 
9 1 5 
9 8 5 
9 10 3 
9 10 8 
9 9 9 
9 1 5 
11 10 1 
1 8 11 
1 8 2 
9 5 3 
9 1 7 
9 1 5 
11 8 9 
11 10 7 
11 10 1 
9 6 8 
9 1 1 
9 1 5 
9 6 8 
9 1 1 
9 1 5 
9 11 3 
9 1 1 
9 1 5 
7 2 1 
1 3 5 
9 2 6 
9 1 7 
9 1 5 
11 2 3 
11 10 7 
11 10 1 
9 11 2 
9 10 3 
9 10 8 
9 10 4 
9 1 1 
9 1 5 
9 7 11 
9 1 5 
3 7 4 
9 1 4 
1 6 4 
11 7 10 
11 10 7 
11 10 1 
9 11 9 
9 1 7 
9 1 5 
11 4 1 
11 10 7 
11 10 1 
9 2 11 
1 4 6 
9 5 5 
9 1 9 
9 1 5 
9 1 1 
5 5 11 
9 6 11 
9 1 4 
9 1 5 
11 5 9 
11 10 4 
11 10 1 
3 7 11 
8 10 1 
3 11 7 
3 7 11 
1 2 5 
7 8 5 
7 2 11 
7 2 1 
11 3 11 
11 10 4 
11 10 1 
7 6 7 
7 2 11 
7 2 1 
11 6 8 
11 10 4 
11 10 1 
9 5 8 
9 10 3 
9 10 8 
3 8 5 
3 6 7 
3 6 1 
9 10 10 
9 1 7 
9 1 5 
3 7 11 
1 9 1 
9 6 3 
9 1 8 
9 1 5 
7 3 10 
7 2 11 
7 2 1 
9 11 9 
9 1 7 
9 1 5 
7 6 7 
7 2 11 
7 2 1 
10 11 2 
10 7 4 
9 10 8 
9 1 5 
4 5 5 
10 11 5 
9 2 4 
9 10 7 
9 1 4 
9 1 5 
9 4 1 
9 1 4 
9 1 5 
3 7 11 
2 5 2 
9 2 11 
9 8 10 
11 7 10 
11 10 7 
11 10 1 
9 1 4 
9 6 7 
11 9 8 
11 10 7 
11 10 1 
11 9 8 
11 10 7 
11 10 1 
9 7 1 
9 1 7 
9 1 5 
3 7 11 
6 5 10 
7 6 7 
7 2 11 
7 2 1 
9 8 1 
9 1 8 
9 1 5 
7 8 5 
7 2 11 
7 2 1 
11 6 8 
11 10 4 
11 10 1 
9 10 4 
9 1 1 
9 1 5 
9 5 4 
9 1 8 
9 1 5 
11 5 9 
11 10 4 
11 10 1 
11 3 11 
11 10 4 
11 10 1 
9 10 3 
3 5 1 
11 5 9 
11 10 4 
11 10 1 
11 7 10 
11 10 7 
11 10 1 
9 2 3 
9 1 4 
9 1 5 
9 7 11 
9 1 5 
8 5 2 
9 4 2 
9 1 5 
1 5 10 
11 7 10 
11 10 7 
11 10 1 
9 1 1 
7 1 1 
3 11 7 
3 7 11 
1 3 2 
9 7 2 
9 1 8 
9 1 5 
9 4 9 
9 10 3 
9 10 8 
11 5 9 
11 10 4 
11 10 1 
