-43
-9
14
-8
14
-14
-10
10
14
-9
0
-32
-6
10
-17
3
14
-28
-9
14
-9
-6
-1
10
-18
-4
10
-33
-20
9
-8
14
-37
-21
10
14
-16
-6
10
10
-20
-16
3
14
-11
-9
14
-21
10
14
-8
-6
10
-18
3
14
-14
10
14
-51
-19
10
-40
-19
10
-28
-4
10
-17
14
-44
-42
-19
10
10
10
-4
0
-20
-7
9
-20
14
-9
-28
1
-13
-11
14
3
-14
-17
14
-20
-10
10
14
3
-1
-42
-19
10
-10
-9
14
-12
10
14
14
10
-30
-11
14
-19
-11
14
3
10
-28
-4
10
-17
-9
14
-30
-9
14
8
10
14
-13
10
13
-31
-9
14
-22
-19
10
-7
14
-30
-17
3
14
13
14
-56
-43
-19
10
-30
-11
14
-11
10
13
6
14
10
-32
6
-31
-11
14
-9
-6
10
8
10
14
8
10
14
-14
10
14
10
-19
-12
-11
14
-27
-6
10
-13
10
13
9
10
14
-17
14
-13
-9
3
-16
-6
10
-35
-11
14
-20
-6
10
10
-18
-10
10
14
10
-1
-11
-9
14
-27
-4
10
14
-9
-6
14
-46
-33
-19
10
-26
-4
10
-40
-19
10
-28
-4
10
-9
10
13
-20
-7
9
-12
-11
14
14
4
1
3
14
-21
-19
10
-35
-11
14
-40
-19
10
10
-11
13
14
-20
-9
13
-10
-9
14
-28
-9
14
14
0
10
-8
-16
-6
10
-9
9
-32
-6
10
-32
-6
10
-32
-11
14
14
2
-40
-19
10
-19
3
14
-33
-19
10
-28
-4
10
9
10
14
-17
3
14
-27
-4
10
-26
-4
10
10
-10
-27
-4
10
-16
-6
10
-10
-9
14
-17
14
-21
-5
14
-29
-16
-6
10
10
-14
-6
14
-29
-18
3
14
-8
10
13
-27
-4
10
